%YAML:1.0
---
cameraMatrix: !!opencv-matrix
   rows: 3
   cols: 3
   dt: d
   data: [ 2445.35977859674, 0., 998.516095728035, 0.,
       2444.39468538427, 758.329826899331, 0., 0., 1. ]
distCoeffs: !!opencv-matrix
   rows: 5
   cols: 1
   dt: d
   data: [ -0.445575230689955, 12.6654093882271,
       0, 0,
       0 ]
rotationVector: !!opencv-matrix
   rows: 3
   cols: 1
   dt: d
   data: [ -0.010377, 0.002398,
       0.003916 ]
translationVector: !!opencv-matrix
   rows: 3
   cols: 1
   dt: d
   data: [ -6.079286, 45.536682,
       338.963476 ]
