%YAML:1.0
---
cameraMatrix: !!opencv-matrix
   rows: 3
   cols: 3
   dt: d
   data: [ 1.3240220656022575e+03, 0., 1.0235000000000000e+03, 0.,
       1.3229618453288033e+03, 7.6750000000000000e+02, 0., 0., 1. ]
distCoeffs: !!opencv-matrix
   rows: 14
   cols: 1
   dt: d
   data: [ -7.0032745861044771e-02, 0., 0., 0., 0.,
       6.9876683024342620e-02, -2.4537756401686987e-02, 0., 0., 0., 0.,
       0., -6.6202468684954307e-03, -5.6834624608364692e-02 ]
