%YAML:1.0
---
cameraMatrix: !!opencv-matrix
   rows: 3
   cols: 3
   dt: d
   data: [ 1.0666868702747488e+03, 0., 1.0235000000000000e+03, 0.,
       1.0744698100487524e+03, 7.6750000000000000e+02, 0., 0., 1. ]
distCoeffs: !!opencv-matrix
   rows: 14
   cols: 1
   dt: d
   data: [ -8.3777316200947305e-02, 0., 0., 0., 0., 0., 0., 0., 0., 0.,
       0., 0., 1.3254967081052624e-01, 3.5867500076873449e-02 ]
