%YAML:1.0
---
cameraMatrix: !!opencv-matrix
   rows: 3
   cols: 3
   dt: d
   data: [ 1.6532494286843066e+03, 0., 1.0235000000000000e+03, 0.,
       1.6510942003902992e+03, 7.6750000000000000e+02, 0., 0., 1. ]
distCoeffs: !!opencv-matrix
   rows: 14
   cols: 1
   dt: d
   data: [ -2.7073195251678888e+00, 0., 6.5185529646160636e-03,
       3.9130974550923958e-04, 0., -2.4150429358471115e+00,
       -1.2467748635383717e+00, 0., 0., 0., 0., 0., 0., 0. ]
