%YAML:1.0
---
cameraMatrix: !!opencv-matrix
   rows: 3
   cols: 3
   dt: d
   data: [ 5.0338145974091481e+02, 0., 1.0235000000000000e+03, 0.,
       5.0238902062198696e+02, 7.6750000000000000e+02, 0., 0., 1. ]
distCoeffs: !!opencv-matrix
   rows: 14
   cols: 1
   dt: d
   data: [ 4.0363634747907862e-01, 0., 2.1182482519789241e-04,
       1.4372704887148449e-03, 0., 4.2017341094218469e-01, 0., 0., 0.,
       0., 0., 0., 0., 0. ]
