%YAML:1.0
---
cameraMatrix: !!opencv-matrix
   rows: 3
   cols: 3
   dt: d
   data: [ 1.3432286233130565e+03, 0., 9.1735293022998917e+02, 0.,
       1.3457900473525056e+03, 7.5384830807235130e+02, 0., 0., 1. ]
distCoeffs: !!opencv-matrix
   rows: 5
   cols: 1
   dt: d
   data: [ -1.3375265311839687e-01, -3.1551170912796238e-02,
       1.4088543110476774e-03, 1.0316473165926175e-02,
       1.3905610904817850e-01 ]
rotationVector: !!opencv-matrix
   rows: 3
   cols: 1
   dt: d
   data: [ -2.2055244972239946e-03, -9.3896661727122617e-04,
       1.9786954095747026e-03 ]
translationVector: !!opencv-matrix
   rows: 3
   cols: 1
   dt: d
   data: [ 4.7211205980960258e+01, 5.2498045164163628e+01,
       -1.8917030146113919e+02 ]
