%YAML:1.0
---
cameraMatrix: !!opencv-matrix
   rows: 3
   cols: 3
   dt: d
   data: [ 2.0857581784417616e+03, 0., 1.0235000000000000e+03, 0.,
       2.0814048445074859e+03, 7.6750000000000000e+02, 0., 0., 1. ]
distCoeffs: !!opencv-matrix
   rows: 14
   cols: 1
   dt: d
   data: [ 5.9476871180211832e-01, 0., 0., 0., 0.,
       9.2570970218930715e-01, 0., 0., 0., 0., 0., 0.,
       -7.9961613935285211e-02, -1.8217725290801727e-02 ]
